Timestamp  | Machine 0 (3 ticks/s)  | Machine 1 (6 ticks/s)  | Machine 2 (2 ticks/s) 
-------------------------------------------------------------------------------------------
01:14:43   | 3                      | 5                      | 2                     
01:14:44   | 6                      | 11                     | 4                     
01:14:45   | 9                      | 17                     | 6                     
01:14:46   | 12                     | 23                     | 8                     
01:14:47   | 15                     | 29                     | 13                    
01:14:48   | 18                     | 34                     | 15                    
01:14:49   | 21                     | 40                     | 39                    
01:14:50   | 24                     | 46                     | 41                    
01:14:51   | 27                     | 52                     | 43                    
01:14:52   | 29                     | 58                     | 55                    
01:14:53   | 32                     | 64                     | 57                    
01:14:54   | 35                     | 70                     | 59                    
01:14:55   | 38                     | 75                     | 61                    
01:14:56   | 41                     | 81                     | 76                    
01:14:57   | 85                     | 87                     | 85                    
01:14:58   | 90                     | 93                     | 87                    
01:14:59   | 93                     | 99                     | 89                    
01:15:00   | 96                     | 105                    | 103                   
01:15:01   | 99                     | 111                    | 105                   
01:15:02   | 102                    | 116                    | 107                   
01:15:03   | 120                    | 122                    | 120                   
01:15:04   | 123                    | 128                    | 122                   
01:15:05   | 126                    | 134                    | 124                   
01:15:06   | 129                    | 140                    | 126                   
01:15:07   | 132                    | 146                    | 128                   
01:15:08   | 135                    | 152                    | 130                   
01:15:09   | 138                    | 157                    | 132                   
01:15:10   | 141                    | 163                    | 134                   
01:15:11   | 167                    | 169                    | 136                   
01:15:12   | 170                    | 175                    | 138                   
01:15:13   | 173                    | 181                    | 140                   
01:15:14   | 176                    | 187                    | 142                   
01:15:15   | 179                    | 193                    | 144                   
01:15:16   | 182                    | 198                    | 146                   
01:15:17   | 185                    | 204                    | 202                   
01:15:18   | 188                    | 210                    | 204                   
01:15:19   | 191                    | 216                    | 205                   
01:15:20   | 194                    | 222                    | 207                   
01:15:21   | 196                    | 228                    | 209                   
01:15:22   | 199                    | 234                    | 211                   
01:15:23   | 238                    | 240                    | 235                   
01:15:24   | 241                    | 245                    | 239                   
01:15:25   | 244                    | 251                    | 241                   
01:15:26   | 247                    | 257                    | 243                   
01:15:27   | 250                    | 263                    | 245                   
01:15:28   | 253                    | 269                    | 247                   
01:15:29   | 256                    | 275                    | 249                   
01:15:30   | 259                    | 281                    | 251                   
01:15:31   | 262                    | 286                    | 253                   
01:15:32   | 265                    | 292                    | 255                   
01:15:33   | 268                    | 298                    | 257                   
01:15:34   | 271                    | 304                    | 259                   
01:15:35   | 274                    | 310                    | 261                   
01:15:36   | 277                    | 316                    | 276                   
01:15:37   | 280                    | 321                    | 318                   
01:15:38   | 283                    | 327                    | 320                   
01:15:39   | 286                    | 333                    | 322                   
01:15:40   | 289                    | 339                    | 324                   
01:15:41   |                        | 340                    | 325                   
