Timestamp  | Machine 0 (3 ticks/s)  | Machine 1 (3 ticks/s)  | Machine 2 (3 ticks/s) 
-------------------------------------------------------------------------------------------
11:56:34   | 3                      | 3                      | 3                     
11:56:35   | 6                      | 6                      | 6                     
11:56:36   | 9                      | 9                      | 9                     
11:56:37   | 12                     | 12                     | 12                    
11:56:38   | 15                     | 15                     | 15                    
11:56:39   | 18                     | 18                     | 18                    
11:56:40   | 21                     | 21                     | 21                    
11:56:41   | 24                     | 24                     | 24                    
11:56:42   | 27                     | 27                     | 27                    
11:56:43   | 30                     | 30                     | 30                    
11:56:44   | 33                     | 33                     | 33                    
11:56:45   | 36                     | 36                     | 36                    
11:56:46   | 39                     | 39                     | 39                    
11:56:47   | 42                     | 42                     | 42                    
11:56:48   | 45                     | 45                     | 45                    
11:56:49   | 48                     | 48                     | 48                    
11:56:50   | 50                     | 50                     | 50                    
11:56:51   | 53                     | 53                     | 53                    
11:56:52   | 56                     | 56                     | 56                    
11:56:53   | 59                     | 59                     | 59                    
11:56:54   | 62                     | 62                     | 62                    
11:56:55   | 65                     | 65                     | 65                    
11:56:56   | 68                     | 68                     | 68                    
11:56:57   | 71                     | 71                     | 71                    
11:56:58   | 74                     | 74                     | 74                    
11:56:59   | 77                     | 77                     | 77                    
11:57:00   | 80                     | 80                     | 80                    
11:57:01   | 83                     | 83                     | 83                    
11:57:02   | 86                     | 86                     | 86                    
11:57:03   | 89                     | 89                     | 89                    
11:57:04   | 92                     | 92                     | 92                    
11:57:05   | 95                     | 95                     | 95                    
11:57:06   | 98                     | 98                     | 98                    
11:57:07   | 101                    | 101                    | 101                   
11:57:08   | 104                    | 104                    | 104                   
11:57:09   | 107                    | 107                    | 107                   
11:57:10   | 110                    | 110                    | 110                   
11:57:11   | 113                    | 113                    | 113                   
11:57:12   | 116                    | 116                    | 116                   
11:57:13   | 119                    | 119                    | 119                   
11:57:14   | 122                    | 122                    | 122                   
11:57:15   | 125                    | 125                    | 125                   
11:57:16   | 128                    | 128                    | 128                   
11:57:17   | 131                    | 131                    | 131                   
11:57:18   | 134                    | 134                    | 134                   
11:57:19   | 137                    | 137                    | 137                   
11:57:20   | 140                    | 140                    | 140                   
11:57:21   | 143                    | 143                    | 143                   
11:57:22   | 146                    | 146                    | 146                   
11:57:23   | 149                    | 149                    | 149                   
11:57:24   | 152                    | 152                    | 152                   
11:57:25   | 155                    | 155                    | 155                   
11:57:26   | 157                    | 158                    | 158                   
11:57:27   | 160                    | 160                    | 160                   
11:57:28   | 163                    | 163                    | 163                   
11:57:29   | 166                    | 166                    | 166                   
11:57:30   | 169                    | 169                    | 169                   
11:57:31   | 172                    | 172                    | 172                   
11:57:32   | 173                    | 173                    | 173                   
